7

1 1
1

2 2
1 2
3 4

2 2
5 6
7 8

3 2
1 2
3 4
5 6

2 3
1 2 3
4 5 6

3 3
1 2 3
4 5 6
7 8 9

4 4
1 2 3 4
5 6 7 8
9 10 11 12
13 14 15 16
Transposition results

1 1
1

2 2
1 3
2 4

2 2
5 7
6 8

2 3
1 3 5
2 4 6

3 2
1 4
2 5
3 6

3 3
1 4 7
2 5 8
3 6 9

4 4
1 5 9 13
2 6 10 14
3 7 11 15
4 8 12 16
Sum results
4

0 0
1 1
2

1 1
2 2
2 4
6 8

5 5
3 3
2 4 6
8 10 12
14 16 18

6 6
4 4
2 4 6 8
10 12 14 16
18 20 22 24
26 28 30 32
Multiplication results
12

0 0
1 1
1

1 1
2 2
7 10
15 22

1 2
2 2
19 22
43 50

2 1
2 2
23 34
31 46

1 4
2 3
9 12 15
19 26 33

2 4
2 3
29 40 51
39 54 69

3 1
3 2
7 10
15 22
23 34

3 2
3 2
19 22
43 50
67 78

5 5
3 3
30 36 42
66 81 96
102 126 150

5 3
3 2
22 28
49 64
76 100

4 5
2 3
30 36 42
66 81 96

6 6
4 4
90 100 110 120
202 228 254 280
314 356 398 440
426 484 542 600